2,10,0
3,10,0
4,10,0
5,10,0
6,10,0
7,10,0
8,10,0
9,10,0
10,10,0
11,10,0
12,10,0
13,10,0
14,10,0
15,10,0
16,10,0
17,10,0
18,10,0
19,10,0
20,10,0
22,10,0
23,10,0
24,10,0
25,10,0
26,10,0
27,10,0
28,10,0
29,10,0
30,10,0
31,10,0
32,10,0
33,10,0
34,10,0
35,10,0
36,10,0
37,10,0
38,10,0
39,10,0
40,10,0
41,10,0
42,10,0
43,10,0
44,10,0
45,10,0
46,10,0
47,10,0
48,10,0
50,10,0
51,10,0
52,10,0
53,10,0
54,10,0
55,10,0
56,10,0
57,10,0
58,10,0
59,10,0
60,10,0
61,10,0
62,10,0
2,16,0
3,16,0
4,16,0
5,16,0
6,16,0
7,16,0
8,16,0
9,16,0
10,16,0
11,16,0
12,16,0
13,16,0
14,16,0
15,16,0
16,16,0
17,16,0
18,16,0
19,16,0
20,16,0
22,16,0
23,16,0
24,16,0
25,16,0
26,16,0
27,16,0
28,16,0
29,16,0
30,16,0
31,16,0
32,16,0
33,16,0
34,16,0
35,16,0
36,16,0
37,16,0
38,16,0
39,16,0
40,16,0
41,16,0
42,16,0
43,16,0
44,16,0
45,16,0
46,16,0
47,16,0
48,16,0
49,16,0
50,16,0
51,16,0
52,16,0
53,16,0
54,16,0
55,16,0
56,16,0
57,16,0
58,16,0
59,16,0
60,16,0
61,16,0
62,16,0
1,23,0
2,23,0
3,23,0
4,23,0
5,23,0
6,23,0
7,23,0
8,23,0
9,23,0
10,23,0
11,23,0
12,23,0
13,23,0
14,23,0
15,23,0
16,23,0
17,23,0
18,23,0
19,23,0
20,23,0
21,23,0
22,23,0
23,23,0
24,23,0
25,23,0
26,23,0
27,23,0
28,23,0
29,23,0
30,23,0
31,23,0
32,23,0
33,23,0
34,23,0
35,23,0
36,23,0
37,23,0
38,23,0
39,23,0
40,23,0
41,23,0
42,23,0
43,23,0
44,23,0
45,23,0
46,23,0
47,23,0
48,23,0
49,23,0
50,23,0
51,23,0
52,23,0
53,23,0
54,23,0
55,23,0
56,23,0
57,23,0
58,23,0
59,23,0
1,10,7
21,16,-3
1,16,0
49,10,0
60,23,0
61,23,0
62,23,0
1,146,0
2,146,0
3,146,0
4,146,0
5,146,0
6,146,0
7,146,0
8,146,0
9,146,0
10,146,0
11,146,0
12,146,0
13,146,0
14,146,0
15,146,0
16,146,0
17,146,0
18,146,0
19,146,0
20,146,0
21,146,0
22,146,0
23,146,0
24,146,0
25,146,0
26,146,0
27,146,0
28,146,0
29,146,0
30,146,0
31,146,0
32,146,0
33,146,0
34,146,0
35,146,0
36,146,0
37,146,0
38,146,0
39,146,0
40,146,0
41,146,0
42,146,0
43,146,0
44,146,0
45,146,0
46,146,0
47,146,0
48,146,0
49,146,0
50,146,0
51,146,0
52,146,0
53,146,0
54,146,0
55,146,0
56,146,0
57,146,0
58,146,0
59,146,0
60,146,0
61,146,0
62,146,0
1,14,0
2,14,0
3,14,0
4,14,0
5,14,0
6,14,0
7,14,0
8,14,0
9,14,0
10,14,0
11,14,0
12,14,0
13,14,0
14,14,0
15,14,0
16,14,0
17,14,0
18,14,0
19,14,0
20,14,0
21,14,0
22,14,0
23,14,0
24,14,0
25,14,0
26,14,0
27,14,0
28,14,0
29,14,0
30,14,0
31,14,0
32,14,0
33,14,0
34,14,0
35,14,0
36,14,0
37,14,0
38,14,0
39,14,0
40,14,0
41,14,0
42,14,0
43,14,0
44,14,0
45,14,0
46,14,0
47,14,0
48,14,0
49,14,0
50,14,0
51,14,0
52,14,0
53,14,0
54,14,0
55,14,0
56,14,0
57,14,0
58,14,0
59,14,0
60,14,0
61,14,0
62,14,0
1,28,0
2,28,0
3,28,0
4,28,0
5,28,0
6,28,0
7,28,0
8,28,0
9,28,0
10,28,0
11,28,0
12,28,0
13,28,0
14,28,0
15,28,0
16,28,0
17,28,0
18,28,0
19,28,0
20,28,0
21,28,0
22,28,0
23,28,0
24,28,0
25,28,0
26,28,0
27,28,0
28,28,0
29,28,0
30,28,0
31,28,0
32,28,0
33,28,0
34,28,0
35,28,0
36,28,0
37,28,0
38,28,0
39,28,0
40,28,0
41,28,0
42,28,0
43,28,0
44,28,0
45,28,0
46,28,0
47,28,0
48,28,0
49,28,0
50,28,0
51,28,0
52,28,0
53,28,0
54,28,0
55,28,0
56,28,0
57,28,0
58,28,0
59,28,0
60,28,0
61,28,0
62,28,0
1,22,0
2,22,0
3,22,0
4,22,0
5,22,0
6,22,0
7,22,0
8,22,0
9,22,0
10,22,0
11,22,0
12,22,0
13,22,0
14,22,0
15,22,0
16,22,0
17,22,0
18,22,0
19,22,0
20,22,0
21,22,0
22,22,0
23,22,0
24,22,0
25,22,0
26,22,0
27,22,0
28,22,0
29,22,0
30,22,0
31,22,0
32,22,0
33,22,0
34,22,0
35,22,0
36,22,0
37,22,0
38,22,0
39,22,0
40,22,0
41,22,0
42,22,0
43,22,0
44,22,0
45,22,0
46,22,0
47,22,0
48,22,0
49,22,0
50,22,0
51,22,0
52,22,0
53,22,0
54,22,0
55,22,0
56,22,0
57,22,0
58,22,0
59,22,0
60,22,0
61,22,0
62,22,0
1,27,0
2,27,0
3,27,0
4,27,0
5,27,0
6,27,0
7,27,0
8,27,0
9,27,0
10,27,0
11,27,0
12,27,0
13,27,0
14,27,0
15,27,0
16,27,0
17,27,0
18,27,0
19,27,0
20,27,0
21,27,0
22,27,0
23,27,0
24,27,0
25,27,0
26,27,0
27,27,0
28,27,0
29,27,0
30,27,0
31,27,0
32,27,0
33,27,0
34,27,0
35,27,0
36,27,0
37,27,0
38,27,0
39,27,0
40,27,0
41,27,0
42,27,0
43,27,0
44,27,0
45,27,0
46,27,0
47,27,0
48,27,0
49,27,0
50,27,0
51,27,0
52,27,0
53,27,0
54,27,0
55,27,0
56,27,0
57,27,0
58,27,0
59,27,0
60,27,0
61,27,0
62,27,0
1,33,0
2,33,0
3,33,0
4,33,0
5,33,0
6,33,0
7,33,0
8,33,0
9,33,0
10,33,0
11,33,0
12,33,0
13,33,0
14,33,0
15,33,0
16,33,0
17,33,0
18,33,0
19,33,0
20,33,0
21,33,0
22,33,0
23,33,0
24,33,0
25,33,0
26,33,0
27,33,0
28,33,0
29,33,0
30,33,0
31,33,0
32,33,0
33,33,0
34,33,0
35,33,0
36,33,0
37,33,0
38,33,0
39,33,0
40,33,0
41,33,0
42,33,0
43,33,0
44,33,0
45,33,0
46,33,0
47,33,0
48,33,0
49,33,0
50,33,0
51,33,0
52,33,0
53,33,0
54,33,0
55,33,0
56,33,0
57,33,0
58,33,0
59,33,0
60,33,0
61,33,0
62,33,0
1,136,0
2,136,0
3,136,0
4,136,0
5,136,0
6,136,0
7,136,0
8,136,0
9,136,0
10,136,0
11,136,0
12,136,0
13,136,0
14,136,0
15,136,0
16,136,0
17,136,0
18,136,0
19,136,0
20,136,0
21,136,0
22,136,0
23,136,0
24,136,0
25,136,0
26,136,0
27,136,0
28,136,0
29,136,0
30,136,0
31,136,0
32,136,0
33,136,0
34,136,0
35,136,0
36,136,0
37,136,0
38,136,0
39,136,0
40,136,0
41,136,0
42,136,0
43,136,0
44,136,0
45,136,0
46,136,0
47,136,0
48,136,0
49,136,0
50,136,0
51,136,0
52,136,0
53,136,0
54,136,0
55,136,0
56,136,0
57,136,0
58,136,0
59,136,0
60,136,0
61,136,0
62,136,0
1,113,0
2,113,0
3,113,0
4,113,0
5,113,0
6,113,0
7,113,0
8,113,0
9,113,0
10,113,0
11,113,0
12,113,0
13,113,0
14,113,0
15,113,0
16,113,0
17,113,0
18,113,0
19,113,0
20,113,0
21,113,0
22,113,0
23,113,0
24,113,0
25,113,0
26,113,0
27,113,0
28,113,0
29,113,0
30,113,0
31,113,0
32,113,0
33,113,0
34,113,0
35,113,0
36,113,0
37,113,0
38,113,0
39,113,0
40,113,0
41,113,0
42,113,0
43,113,0
44,113,0
45,113,0
46,113,0
47,113,0
48,113,0
49,113,0
50,113,0
51,113,0
52,113,0
53,113,0
54,113,0
55,113,0
56,113,0
57,113,0
58,113,0
59,113,0
60,113,0
61,113,0
62,113,0
1,114,0
2,114,0
3,114,0
4,114,0
5,114,0
6,114,0
7,114,0
8,114,0
9,114,0
10,114,0
11,114,0
12,114,0
13,114,0
14,114,0
15,114,0
16,114,0
17,114,0
18,114,0
19,114,0
20,114,0
21,114,0
22,114,0
23,114,0
24,114,0
25,114,0
26,114,0
27,114,0
28,114,0
29,114,0
30,114,0
31,114,0
32,114,0
33,114,0
34,114,0
35,114,0
36,114,0
37,114,0
38,114,0
39,114,0
40,114,0
41,114,0
42,114,0
43,114,0
44,114,0
45,114,0
46,114,0
47,114,0
48,114,0
49,114,0
50,114,0
51,114,0
52,114,0
53,114,0
54,114,0
55,114,0
56,114,0
57,114,0
58,114,0
59,114,0
60,114,0
61,114,0
62,114,0
1,25,0
2,25,0
3,25,0
4,25,0
5,25,0
6,25,0
7,25,0
8,25,0
9,25,0
10,25,0
11,25,0
12,25,0
13,25,0
14,25,0
15,25,0
16,25,0
17,25,0
18,25,0
19,25,0
20,25,0
21,25,0
22,25,0
23,25,0
24,25,0
25,25,0
26,25,0
27,25,0
28,25,0
29,25,0
30,25,0
31,25,0
32,25,0
33,25,0
34,25,0
35,25,0
36,25,0
37,25,0
38,25,0
39,25,0
40,25,0
41,25,0
42,25,0
43,25,0
44,25,0
45,25,0
46,25,0
47,25,0
48,25,0
49,25,0
50,25,0
51,25,0
52,25,0
53,25,0
54,25,0
55,25,0
56,25,0
57,25,0
58,25,0
59,25,0
60,25,0
61,25,0
62,25,0
1,20,0
2,20,0
3,20,0
4,20,0
5,20,0
6,20,0
7,20,0
8,20,0
9,20,0
10,20,0
11,20,0
12,20,0
13,20,0
14,20,0
15,20,0
16,20,0
17,20,0
18,20,0
19,20,0
20,20,0
21,20,0
22,20,0
23,20,0
24,20,0
25,20,0
26,20,0
27,20,0
28,20,0
29,20,0
30,20,0
31,20,0
32,20,0
33,20,0
34,20,0
35,20,0
36,20,0
37,20,0
38,20,0
39,20,0
40,20,0
41,20,0
42,20,0
43,20,0
44,20,0
45,20,0
46,20,0
47,20,0
48,20,0
49,20,0
50,20,0
51,20,0
52,20,0
53,20,0
54,20,0
55,20,0
56,20,0
57,20,0
58,20,0
59,20,0
60,20,0
61,20,0
62,20,0
1,5,0
2,5,0
3,5,0
4,5,0
5,5,0
6,5,0
7,5,0
8,5,0
9,5,0
10,5,0
11,5,0
12,5,0
13,5,0
14,5,0
15,5,0
16,5,0
17,5,0
18,5,0
19,5,0
20,5,0
22,5,0
23,5,0
24,5,0
25,5,0
26,5,0
27,5,0
28,5,0
29,5,0
30,5,0
31,5,0
32,5,0
33,5,0
34,5,0
35,5,0
36,5,0
37,5,0
38,5,0
39,5,0
40,5,0
41,5,0
42,5,0
43,5,0
21,5,1
44,5,0
45,5,0
46,5,0
47,5,0
48,5,0
49,5,0
50,5,0
51,5,0
52,5,0
53,5,0
54,5,0
55,5,0
56,5,0
57,5,0
58,5,0
59,5,0
60,5,0
61,5,0
62,5,0
1,7,0
2,7,0
3,7,0
4,7,0
5,7,0
6,7,0
7,7,0
8,7,0
9,7,0
10,7,0
11,7,0
12,7,0
13,7,0
14,7,0
15,7,0
16,7,0
17,7,0
18,7,0
19,7,0
20,7,0
22,7,0
23,7,0
24,7,0
25,7,0
26,7,0
27,7,0
28,7,0
29,7,0
30,7,0
31,7,0
32,7,0
33,7,0
34,7,0
35,7,0
36,7,0
37,7,0
38,7,0
39,7,0
40,7,0
41,7,0
42,7,0
43,7,0
44,7,0
45,7,0
46,7,0
47,7,0
48,7,0
49,7,0
50,7,0
51,7,0
52,7,0
53,7,0
54,7,0
55,7,0
56,7,0
57,7,0
58,7,0
59,7,0
60,7,0
61,7,0
62,7,0
1,11,0
2,11,0
3,11,0
4,11,0
5,11,0
6,11,0
7,11,0
8,11,0
9,11,0
10,11,0
11,11,0
12,11,0
13,11,0
14,11,0
15,11,0
16,11,0
17,11,0
18,11,0
19,11,0
20,11,0
21,11,0
22,11,0
23,11,0
24,11,0
25,11,0
26,11,0
27,11,0
28,11,0
29,11,0
30,11,0
31,11,0
32,11,0
33,11,0
34,11,0
35,11,0
36,11,0
37,11,0
38,11,0
39,11,0
40,11,0
41,11,0
42,11,0
43,11,0
44,11,0
45,11,0
46,11,0
47,11,0
48,11,0
49,11,0
50,11,0
51,11,0
52,11,0
53,11,0
54,11,0
55,11,0
56,11,0
57,11,0
58,11,0
59,11,0
60,11,0
61,11,0
62,11,0
1,18,0
2,18,0
3,18,0
4,18,0
5,18,0
6,18,0
7,18,0
8,18,0
9,18,0
10,18,0
11,18,0
12,18,0
13,18,0
14,18,0
15,18,0
16,18,0
17,18,0
18,18,0
19,18,0
20,18,0
21,18,0
22,18,0
23,18,0
24,18,0
25,18,0
26,18,0
27,18,0
28,18,0
29,18,0
30,18,0
31,18,0
32,18,0
33,18,0
34,18,0
35,18,0
36,18,0
37,18,0
38,18,0
39,18,0
21,7,2
40,18,0
41,18,0
42,18,0
43,18,0
44,18,0
45,18,0
46,18,0
47,18,0
48,18,0
49,18,0
50,18,0
51,18,0
52,18,0
53,18,0
54,18,0
55,18,0
56,18,0
57,18,0
58,18,0
59,18,0
60,18,0
61,18,0
62,18,0
1,3,0
2,3,0
3,3,0
4,3,0
5,3,0
6,3,0
7,3,0
8,3,0
9,3,0
10,3,0
11,3,0
12,3,0
13,3,0
14,3,0
15,3,0
16,3,0
17,3,0
18,3,0
19,3,0
20,3,0
21,3,0
22,3,0
23,3,0
24,3,0
25,3,0
26,3,0
27,3,0
28,3,0
29,3,0
30,3,0
31,3,0
32,3,0
33,3,0
34,3,0
35,3,0
36,3,0
37,3,0
38,3,0
39,3,0
40,3,0
41,3,0
42,3,0
43,3,0
44,3,0
45,3,0
46,3,0
47,3,0
48,3,0
49,3,0
50,3,0
51,3,0
52,3,0
53,3,0
54,3,0
55,3,0
56,3,0
57,3,0
58,3,0
59,3,0
60,3,0
61,3,0
62,3,0
1,52,0
2,52,0
3,52,0
4,52,0
5,52,0
6,52,0
7,52,0
8,52,0
9,52,0
10,52,0
11,52,0
12,52,0
13,52,0
14,52,0
15,52,0
16,52,0
17,52,0
18,52,0
19,52,0
20,52,0
22,52,0
23,52,0
24,52,0
25,52,0
26,52,0
27,52,0
28,52,0
29,52,0
30,52,0
31,52,0
32,52,0
33,52,0
34,52,0
35,52,0
36,52,0
37,52,0
38,52,0
39,52,0
40,52,0
41,52,0
42,52,0
43,52,0
44,52,0
45,52,0
46,52,0
47,52,0
48,52,0
49,52,0
50,52,0
51,52,0
52,52,0
53,52,0
54,52,0
55,52,0
56,52,0
57,52,0
58,52,0
59,52,0
60,52,0
61,52,0
62,52,0
1,13,0
2,13,0
3,13,0
4,13,0
5,13,0
6,13,0
7,13,0
8,13,0
9,13,0
10,13,0
11,13,0
12,13,0
13,13,0
14,13,0
15,13,0
16,13,0
17,13,0
18,13,0
19,13,0
20,13,0
22,13,0
23,13,0
24,13,0
25,13,0
26,13,0
27,13,0
28,13,0
29,13,0
30,13,0
31,13,0
32,13,0
33,13,0
34,13,0
35,13,0
21,13,-1
21,52,8
36,13,0
37,13,0
38,13,0
39,13,0
40,13,0
41,13,0
42,13,0
43,13,0
44,13,0
45,13,0
46,13,0
47,13,0
48,13,0
49,13,0
50,13,0
51,13,0
52,13,0
53,13,0
54,13,0
55,13,0
56,13,0
57,13,0
58,13,0
59,13,0
60,13,0
61,13,0
62,13,0
1,34,0
2,34,0
3,34,0
4,34,0
5,34,0
6,34,0
7,34,0
8,34,0
9,34,0
10,34,0
11,34,0
12,34,0
13,34,0
14,34,0
15,34,0
16,34,0
17,34,0
18,34,0
19,34,0
20,34,0
22,34,0
23,34,0
24,34,0
25,34,0
26,34,0
27,34,0
28,34,0
29,34,0
30,34,0
31,34,0
32,34,0
33,34,0
34,34,0
35,34,0
36,34,0
37,34,0
38,34,0
39,34,0
40,34,0
41,34,0
42,34,0
43,34,0
44,34,0
45,34,0
46,34,0
47,34,0
48,34,0
49,34,0
50,34,0
51,34,0
52,34,0
53,34,0
54,34,0
55,34,0
56,34,0
57,34,0
58,34,0
59,34,0
60,34,0
61,34,0
62,34,0
1,116,0
2,116,0
3,116,0
4,116,0
5,116,0
6,116,0
7,116,0
8,116,0
9,116,0
10,116,0
11,116,0
12,116,0
13,116,0
14,116,0
15,116,0
16,116,0
17,116,0
18,116,0
19,116,0
20,116,0
21,116,0
22,116,0
23,116,0
24,116,0
25,116,0
26,116,0
27,116,0
28,116,0
29,116,0
30,116,0
31,116,0
32,116,0
33,116,0
34,116,0
35,116,0
36,116,0
37,116,0
38,116,0
39,116,0
40,116,0
41,116,0
42,116,0
43,116,0
44,116,0
45,116,0
46,116,0
47,116,0
48,116,0
49,116,0
50,116,0
51,116,0
52,116,0
53,116,0
54,116,0
55,116,0
56,116,0
57,116,0
58,116,0
59,116,0
60,116,0
61,116,0
62,116,0
1,96,0
2,96,0
3,96,0
4,96,0
5,96,0
6,96,0
7,96,0
8,96,0
9,96,0
10,96,0
11,96,0
12,96,0
13,96,0
14,96,0
15,96,0
16,96,0
17,96,0
18,96,0
19,96,0
20,96,0
22,96,0
23,96,0
24,96,0
25,96,0
26,96,0
27,96,0
28,96,0
29,96,0
30,96,0
31,96,0
21,96,1
21,34,-1
32,96,0
33,96,0
34,96,0
35,96,0
36,96,0
37,96,0
38,96,0
39,96,0
40,96,0
41,96,0
42,96,0
43,96,0
44,96,0
45,96,0
46,96,0
47,96,0
48,96,0
49,96,0
50,96,0
51,96,0
52,96,0
53,96,0
54,96,0
55,96,0
56,96,0
57,96,0
58,96,0
59,96,0
60,96,0
61,96,0
62,96,0
1,81,0
2,81,0
3,81,0
4,81,0
5,81,0
6,81,0
7,81,0
8,81,0
9,81,0
10,81,0
11,81,0
12,81,0
13,81,0
14,81,0
15,81,0
16,81,0
17,81,0
18,81,0
19,81,0
20,81,0
21,81,0
22,81,0
23,81,0
24,81,0
25,81,0
26,81,0
27,81,0
28,81,0
29,81,0
30,81,0
31,81,0
32,81,0
33,81,0
34,81,0
35,81,0
36,81,0
37,81,0
38,81,0
39,81,0
40,81,0
41,81,0
42,81,0
43,81,0
44,81,0
45,81,0
46,81,0
47,81,0
48,81,0
49,81,0
50,81,0
51,81,0
52,81,0
53,81,0
54,81,0
55,81,0
56,81,0
57,81,0
58,81,0
59,81,0
60,81,0
61,81,0
62,81,0
1,53,0
2,53,0
3,53,0
4,53,0
5,53,0
6,53,0
7,53,0
8,53,0
9,53,0
10,53,0
11,53,0
12,53,0
13,53,0
14,53,0
15,53,0
16,53,0
17,53,0
18,53,0
19,53,0
20,53,0
21,53,0
22,53,0
23,53,0
24,53,0
25,53,0
26,53,0
27,53,0
28,53,0
29,53,0
30,53,0
31,53,0
32,53,0
33,53,0
34,53,0
35,53,0
36,53,0
37,53,0
38,53,0
39,53,0
40,53,0
41,53,0
42,53,0
43,53,0
44,53,0
45,53,0
46,53,0
47,53,0
48,53,0
49,53,0
50,53,0
51,53,0
52,53,0
53,53,0
54,53,0
55,53,0
56,53,0
57,53,0
58,53,0
59,53,0
60,53,0
61,53,0
62,53,0
1,134,0
2,134,0
3,134,0
4,134,0
5,134,0
6,134,0
7,134,0
8,134,0
9,134,0
10,134,0
11,134,0
12,134,0
13,134,0
14,134,0
15,134,0
16,134,0
17,134,0
18,134,0
19,134,0
20,134,0
21,134,0
22,134,0
23,134,0
24,134,0
25,134,0
26,134,0
27,134,0
28,134,0
29,134,0
30,134,0
31,134,0
32,134,0
33,134,0
34,134,0
35,134,0
36,134,0
37,134,0
38,134,0
39,134,0
40,134,0
41,134,0
42,134,0
43,134,0
44,134,0
45,134,0
46,134,0
47,134,0
48,134,0
49,134,0
50,134,0
51,134,0
52,134,0
53,134,0
54,134,0
55,134,0
56,134,0
57,134,0
58,134,0
59,134,0
60,134,0
61,134,0
62,134,0
1,40,0
2,40,0
3,40,0
4,40,0
5,40,0
6,40,0
7,40,0
8,40,0
9,40,0
10,40,0
11,40,0
12,40,0
13,40,0
14,40,0
15,40,0
16,40,0
17,40,0
18,40,0
19,40,0
20,40,0
21,40,0
22,40,0
23,40,0
24,40,0
25,40,0
26,40,0
27,40,0
28,40,0
29,40,0
30,40,0
31,40,0
32,40,0
33,40,0
34,40,0
35,40,0
36,40,0
37,40,0
38,40,0
39,40,0
40,40,0
41,40,0
42,40,0
43,40,0
44,40,0
45,40,0
46,40,0
47,40,0
48,40,0
49,40,0
50,40,0
51,40,0
52,40,0
53,40,0
54,40,0
55,40,0
56,40,0
57,40,0
58,40,0
59,40,0
60,40,0
61,40,0
62,40,0
1,62,0
2,62,0
3,62,0
4,62,0
5,62,0
6,62,0
7,62,0
8,62,0
9,62,0
10,62,0
11,62,0
12,62,0
13,62,0
14,62,0
15,62,0
16,62,0
17,62,0
18,62,0
19,62,0
20,62,0
21,62,0
22,62,0
23,62,0
24,62,0
25,62,0
26,62,0
27,62,0
28,62,0
29,62,0
30,62,0
31,62,0
32,62,0
33,62,0
34,62,0
35,62,0
36,62,0
37,62,0
38,62,0
39,62,0
40,62,0
41,62,0
42,62,0
43,62,0
44,62,0
45,62,0
46,62,0
47,62,0
48,62,0
49,62,0
50,62,0
51,62,0
52,62,0
53,62,0
54,62,0
55,62,0
56,62,0
57,62,0
58,62,0
59,62,0
60,62,0
61,62,0
62,62,0
1,19,0
2,19,0
3,19,0
4,19,0
5,19,0
6,19,0
7,19,0
8,19,0
9,19,0
10,19,0
11,19,0
12,19,0
13,19,0
14,19,0
15,19,0
16,19,0
17,19,0
18,19,0
19,19,0
20,19,0
21,19,0
22,19,0
23,19,0
24,19,0
25,19,0
26,19,0
27,19,0
28,19,0
29,19,0
30,19,0
31,19,0
32,19,0
33,19,0
34,19,0
35,19,0
36,19,0
37,19,0
38,19,0
39,19,0
40,19,0
41,19,0
42,19,0
43,19,0
44,19,0
45,19,0
46,19,0
47,19,0
48,19,0
49,19,0
50,19,0
51,19,0
52,19,0
53,19,0
54,19,0
55,19,0
56,19,0
57,19,0
58,19,0
59,19,0
60,19,0
61,19,0
62,19,0
1,75,0
2,75,0
3,75,0
4,75,0
5,75,0
6,75,0
7,75,0
8,75,0
9,75,0
10,75,0
11,75,0
12,75,0
13,75,0
14,75,0
15,75,0
16,75,0
17,75,0
18,75,0
19,75,0
20,75,0
21,75,0
22,75,0
23,75,0
24,75,0
25,75,0
26,75,0
27,75,0
28,75,0
29,75,0
30,75,0
31,75,0
32,75,0
33,75,0
34,75,0
35,75,0
36,75,0
37,75,0
38,75,0
39,75,0
40,75,0
41,75,0
42,75,0
43,75,0
44,75,0
45,75,0
46,75,0
47,75,0
48,75,0
49,75,0
50,75,0
51,75,0
52,75,0
53,75,0
54,75,0
55,75,0
56,75,0
57,75,0
58,75,0
59,75,0
60,75,0
61,75,0
62,75,0
1,88,0
2,88,0
3,88,0
4,88,0
5,88,0
6,88,0
7,88,0
8,88,0
9,88,0
10,88,0
11,88,0
12,88,0
13,88,0
14,88,0
15,88,0
16,88,0
17,88,0
18,88,0
19,88,0
20,88,0
21,88,0
22,88,0
23,88,0
24,88,0
25,88,0
26,88,0
27,88,0
28,88,0
29,88,0
30,88,0
31,88,0
32,88,0
33,88,0
34,88,0
35,88,0
36,88,0
37,88,0
38,88,0
39,88,0
40,88,0
41,88,0
42,88,0
43,88,0
44,88,0
45,88,0
46,88,0
47,88,0
48,88,0
49,88,0
50,88,0
51,88,0
52,88,0
53,88,0
54,88,0
55,88,0
56,88,0
57,88,0
58,88,0
59,88,0
60,88,0
61,88,0
62,88,0
1,89,0
2,89,0
3,89,0
4,89,0
5,89,0
6,89,0
7,89,0
8,89,0
9,89,0
10,89,0
11,89,0
12,89,0
13,89,0
14,89,0
15,89,0
16,89,0
17,89,0
18,89,0
19,89,0
20,89,0
21,89,0
22,89,0
23,89,0
24,89,0
25,89,0
26,89,0
27,89,0
28,89,0
29,89,0
30,89,0
31,89,0
32,89,0
33,89,0
34,89,0
35,89,0
36,89,0
37,89,0
38,89,0
39,89,0
40,89,0
41,89,0
42,89,0
43,89,0
44,89,0
45,89,0
46,89,0
47,89,0
48,89,0
49,89,0
50,89,0
51,89,0
52,89,0
53,89,0
54,89,0
55,89,0
56,89,0
57,89,0
58,89,0
59,89,0
60,89,0
61,89,0
62,89,0
1,92,0
2,92,0
3,92,0
4,92,0
5,92,0
6,92,0
7,92,0
8,92,0
9,92,0
10,92,0
11,92,0
12,92,0
13,92,0
14,92,0
15,92,0
16,92,0
17,92,0
18,92,0
19,92,0
20,92,0
21,92,0
22,92,0
23,92,0
24,92,0
25,92,0
26,92,0
27,92,0
28,92,0
29,92,0
30,92,0
31,92,0
32,92,0
33,92,0
34,92,0
35,92,0
36,92,0
37,92,0
38,92,0
39,92,0
40,92,0
41,92,0
42,92,0
43,92,0
44,92,0
45,92,0
46,92,0
47,92,0
48,92,0
49,92,0
50,92,0
51,92,0
52,92,0
53,92,0
54,92,0
55,92,0
56,92,0
57,92,0
58,92,0
59,92,0
60,92,0
61,92,0
62,92,0
1,103,0
2,103,0
3,103,0
4,103,0
5,103,0
6,103,0
7,103,0
8,103,0
9,103,0
10,103,0
11,103,0
12,103,0
13,103,0
14,103,0
15,103,0
16,103,0
17,103,0
18,103,0
19,103,0
20,103,0
21,103,0
22,103,0
23,103,0
24,103,0
25,103,0
26,103,0
27,103,0
28,103,0
29,103,0
30,103,0
31,103,0
32,103,0
33,103,0
34,103,0
35,103,0
36,103,0
37,103,0
38,103,0
39,103,0
40,103,0
41,103,0
42,103,0
43,103,0
44,103,0
45,103,0
46,103,0
47,103,0
48,103,0
49,103,0
50,103,0
51,103,0
52,103,0
53,103,0
54,103,0
55,103,0
56,103,0
57,103,0
58,103,0
59,103,0
60,103,0
61,103,0
62,103,0
1,105,0
2,105,0
3,105,0
4,105,0
5,105,0
6,105,0
7,105,0
8,105,0
9,105,0
10,105,0
11,105,0
12,105,0
13,105,0
14,105,0
15,105,0
16,105,0
17,105,0
18,105,0
19,105,0
20,105,0
21,105,0
22,105,0
23,105,0
24,105,0
25,105,0
26,105,0
27,105,0
28,105,0
29,105,0
30,105,0
31,105,0
32,105,0
33,105,0
34,105,0
35,105,0
36,105,0
37,105,0
38,105,0
39,105,0
40,105,0
41,105,0
42,105,0
43,105,0
44,105,0
45,105,0
46,105,0
47,105,0
48,105,0
49,105,0
50,105,0
51,105,0
52,105,0
53,105,0
54,105,0
55,105,0
56,105,0
57,105,0
58,105,0
59,105,0
60,105,0
61,105,0
62,105,0
1,108,0
2,108,0
3,108,0
4,108,0
5,108,0
6,108,0
7,108,0
8,108,0
9,108,0
10,108,0
11,108,0
12,108,0
13,108,0
14,108,0
15,108,0
16,108,0
17,108,0
18,108,0
19,108,0
20,108,0
21,108,0
22,108,0
23,108,0
24,108,0
25,108,0
26,108,0
27,108,0
28,108,0
29,108,0
30,108,0
31,108,0
32,108,0
33,108,0
34,108,0
35,108,0
36,108,0
37,108,0
38,108,0
39,108,0
40,108,0
41,108,0
42,108,0
43,108,0
44,108,0
45,108,0
46,108,0
47,108,0
48,108,0
49,108,0
50,108,0
51,108,0
52,108,0
53,108,0
54,108,0
55,108,0
56,108,0
57,108,0
58,108,0
59,108,0
60,108,0
61,108,0
62,108,0
1,126,0
2,126,0
3,126,0
4,126,0
5,126,0
6,126,0
7,126,0
8,126,0
9,126,0
10,126,0
11,126,0
12,126,0
13,126,0
14,126,0
15,126,0
16,126,0
17,126,0
18,126,0
19,126,0
20,126,0
21,126,0
22,126,0
23,126,0
24,126,0
25,126,0
26,126,0
27,126,0
28,126,0
29,126,0
30,126,0
31,126,0
32,126,0
33,126,0
34,126,0
35,126,0
36,126,0
37,126,0
38,126,0
39,126,0
40,126,0
41,126,0
42,126,0
43,126,0
44,126,0
45,126,0
46,126,0
47,126,0
48,126,0
49,126,0
50,126,0
51,126,0
52,126,0
53,126,0
54,126,0
55,126,0
56,126,0
57,126,0
58,126,0
59,126,0
60,126,0
61,126,0
62,126,0
1,128,0
2,128,0
3,128,0
4,128,0
5,128,0
6,128,0
7,128,0
8,128,0
9,128,0
10,128,0
11,128,0
12,128,0
13,128,0
14,128,0
15,128,0
16,128,0
17,128,0
18,128,0
19,128,0
20,128,0
21,128,0
22,128,0
23,128,0
24,128,0
25,128,0
26,128,0
27,128,0
28,128,0
29,128,0
30,128,0
31,128,0
32,128,0
33,128,0
34,128,0
35,128,0
36,128,0
37,128,0
38,128,0
39,128,0
40,128,0
41,128,0
42,128,0
43,128,0
44,128,0
45,128,0
46,128,0
47,128,0
48,128,0
49,128,0
50,128,0
51,128,0
52,128,0
53,128,0
54,128,0
55,128,0
56,128,0
57,128,0
58,128,0
59,128,0
60,128,0
61,128,0
62,128,0
1,129,0
2,129,0
3,129,0
4,129,0
5,129,0
6,129,0
7,129,0
8,129,0
9,129,0
10,129,0
11,129,0
12,129,0
13,129,0
14,129,0
15,129,0
16,129,0
17,129,0
18,129,0
19,129,0
20,129,0
21,129,0
22,129,0
23,129,0
24,129,0
25,129,0
26,129,0
27,129,0
28,129,0
29,129,0
30,129,0
31,129,0
32,129,0
33,129,0
34,129,0
35,129,0
36,129,0
37,129,0
38,129,0
39,129,0
40,129,0
41,129,0
42,129,0
43,129,0
44,129,0
45,129,0
46,129,0
47,129,0
48,129,0
49,129,0
50,129,0
51,129,0
52,129,0
53,129,0
54,129,0
55,129,0
56,129,0
57,129,0
58,129,0
59,129,0
60,129,0
61,129,0
62,129,0
1,137,0
2,137,0
3,137,0
4,137,0
5,137,0
6,137,0
7,137,0
8,137,0
9,137,0
10,137,0
11,137,0
12,137,0
13,137,0
14,137,0
15,137,0
16,137,0
17,137,0
18,137,0
19,137,0
20,137,0
21,137,0
22,137,0
23,137,0
24,137,0
25,137,0
26,137,0
27,137,0
28,137,0
29,137,0
30,137,0
31,137,0
32,137,0
33,137,0
34,137,0
35,137,0
36,137,0
37,137,0
38,137,0
39,137,0
40,137,0
41,137,0
42,137,0
43,137,0
44,137,0
45,137,0
46,137,0
47,137,0
48,137,0
49,137,0
50,137,0
51,137,0
52,137,0
53,137,0
54,137,0
55,137,0
56,137,0
57,137,0
58,137,0
59,137,0
60,137,0
61,137,0
62,137,0
1,68,0
2,68,0
3,68,0
4,68,0
5,68,0
6,68,0
7,68,0
8,68,0
9,68,0
10,68,0
11,68,0
12,68,0
13,68,0
14,68,0
15,68,0
16,68,0
17,68,0
18,68,0
19,68,0
20,68,0
21,68,0
22,68,0
23,68,0
24,68,0
25,68,0
26,68,0
27,68,0
28,68,0
29,68,0
30,68,0
31,68,0
32,68,0
33,68,0
34,68,0
35,68,0
36,68,0
37,68,0
38,68,0
39,68,0
40,68,0
41,68,0
42,68,0
43,68,0
44,68,0
45,68,0
46,68,0
47,68,0
48,68,0
49,68,0
50,68,0
51,68,0
52,68,0
53,68,0
54,68,0
55,68,0
56,68,0
57,68,0
58,68,0
59,68,0
60,68,0
61,68,0
62,68,0
1,152,0
2,152,0
3,152,0
4,152,0
5,152,0
6,152,0
7,152,0
8,152,0
9,152,0
10,152,0
11,152,0
12,152,0
13,152,0
14,152,0
15,152,0
16,152,0
17,152,0
18,152,0
19,152,0
20,152,0
21,152,0
22,152,0
23,152,0
24,152,0
25,152,0
26,152,0
27,152,0
28,152,0
29,152,0
30,152,0
31,152,0
32,152,0
33,152,0
34,152,0
35,152,0
36,152,0
37,152,0
38,152,0
39,152,0
40,152,0
41,152,0
42,152,0
43,152,0
44,152,0
45,152,0
46,152,0
47,152,0
48,152,0
49,152,0
50,152,0
51,152,0
52,152,0
53,152,0
54,152,0
55,152,0
56,152,0
57,152,0
58,152,0
59,152,0
60,152,0
61,152,0
62,152,0
1,38,0
2,38,0
3,38,0
4,38,0
5,38,0
6,38,0
7,38,0
8,38,0
9,38,0
10,38,0
11,38,0
12,38,0
13,38,0
14,38,0
15,38,0
16,38,0
17,38,0
18,38,0
19,38,0
20,38,0
21,38,0
22,38,0
23,38,0
24,38,0
25,38,0
26,38,0
27,38,0
28,38,0
29,38,0
30,38,0
31,38,0
32,38,0
33,38,0
34,38,0
35,38,0
36,38,0
37,38,0
38,38,0
39,38,0
40,38,0
41,38,0
42,38,0
43,38,0
44,38,0
45,38,0
46,38,0
47,38,0
48,38,0
49,38,0
50,38,0
51,38,0
52,38,0
53,38,0
54,38,0
55,38,0
56,38,0
57,38,0
58,38,0
59,38,0
60,38,0
61,38,0
62,38,0
1,156,0
2,156,0
3,156,0
4,156,0
5,156,0
6,156,0
7,156,0
8,156,0
9,156,0
10,156,0
11,156,0
12,156,0
13,156,0
14,156,0
15,156,0
16,156,0
17,156,0
18,156,0
19,156,0
20,156,0
21,156,0
22,156,0
23,156,0
24,156,0
25,156,0
26,156,0
27,156,0
28,156,0
29,156,0
30,156,0
31,156,0
32,156,0
33,156,0
34,156,0
35,156,0
36,156,0
37,156,0
38,156,0
39,156,0
40,156,0
41,156,0
42,156,0
43,156,0
44,156,0
45,156,0
46,156,0
47,156,0
48,156,0
49,156,0
50,156,0
51,156,0
52,156,0
53,156,0
54,156,0
55,156,0
56,156,0
57,156,0
58,156,0
59,156,0
60,156,0
61,156,0
62,156,0
1,48,0
2,48,0
3,48,0
4,48,0
5,48,0
6,48,0
7,48,0
8,48,0
9,48,0
10,48,0
11,48,0
12,48,0
13,48,0
14,48,0
15,48,0
16,48,0
17,48,0
18,48,0
19,48,0
20,48,0
21,48,0
22,48,0
23,48,0
24,48,0
25,48,0
26,48,0
27,48,0
28,48,0
29,48,0
30,48,0
31,48,0
32,48,0
33,48,0
34,48,0
35,48,0
36,48,0
37,48,0
38,48,0
39,48,0
40,48,0
41,48,0
42,48,0
43,48,0
44,48,0
45,48,0
46,48,0
47,48,0
48,48,0
49,48,0
50,48,0
51,48,0
52,48,0
53,48,0
54,48,0
55,48,0
56,48,0
57,48,0
58,48,0
59,48,0
60,48,0
61,48,0
62,48,0
1,160,0
2,160,0
3,160,0
4,160,0
5,160,0
6,160,0
7,160,0
8,160,0
9,160,0
10,160,0
11,160,0
12,160,0
13,160,0
14,160,0
15,160,0
16,160,0
17,160,0
18,160,0
19,160,0
20,160,0
21,160,0
22,160,0
23,160,0
24,160,0
25,160,0
26,160,0
27,160,0
28,160,0
29,160,0
30,160,0
31,160,0
32,160,0
33,160,0
34,160,0
35,160,0
36,160,0
37,160,0
38,160,0
39,160,0
40,160,0
41,160,0
42,160,0
43,160,0
44,160,0
45,160,0
46,160,0
47,160,0
48,160,0
49,160,0
50,160,0
51,160,0
52,160,0
53,160,0
54,160,0
55,160,0
56,160,0
57,160,0
58,160,0
59,160,0
60,160,0
61,160,0
62,160,0
1,161,0
2,161,0
3,161,0
4,161,0
5,161,0
6,161,0
7,161,0
8,161,0
9,161,0
10,161,0
11,161,0
12,161,0
13,161,0
14,161,0
15,161,0
16,161,0
17,161,0
18,161,0
19,161,0
20,161,0
21,161,0
22,161,0
23,161,0
24,161,0
25,161,0
26,161,0
27,161,0
28,161,0
29,161,0
30,161,0
31,161,0
32,161,0
33,161,0
34,161,0
35,161,0
36,161,0
37,161,0
38,161,0
39,161,0
40,161,0
41,161,0
42,161,0
43,161,0
44,161,0
45,161,0
46,161,0
47,161,0
48,161,0
49,161,0
50,161,0
51,161,0
52,161,0
53,161,0
54,161,0
55,161,0
56,161,0
57,161,0
58,161,0
59,161,0
60,161,0
61,161,0
62,161,0
1,120,0
2,120,0
3,120,0
4,120,0
5,120,0
6,120,0
7,120,0
8,120,0
9,120,0
10,120,0
11,120,0
12,120,0
13,120,0
14,120,0
15,120,0
16,120,0
17,120,0
18,120,0
19,120,0
20,120,0
21,120,0
22,120,0
23,120,0
24,120,0
25,120,0
26,120,0
27,120,0
28,120,0
29,120,0
30,120,0
31,120,0
32,120,0
33,120,0
34,120,0
35,120,0
36,120,0
37,120,0
38,120,0
39,120,0
40,120,0
41,120,0
42,120,0
43,120,0
44,120,0
45,120,0
46,120,0
47,120,0
48,120,0
49,120,0
50,120,0
51,120,0
52,120,0
53,120,0
54,120,0
55,120,0
56,120,0
57,120,0
58,120,0
59,120,0
60,120,0
61,120,0
62,120,0
1,15,0
2,15,0
3,15,0
4,15,0
5,15,0
6,15,0
7,15,0
8,15,0
9,15,0
10,15,0
11,15,0
12,15,0
13,15,0
14,15,0
15,15,0
16,15,0
17,15,0
18,15,0
19,15,0
20,15,0
21,15,0
22,15,0
23,15,0
24,15,0
25,15,0
26,15,0
27,15,0
28,15,0
29,15,0
30,15,0
31,15,0
32,15,0
33,15,0
34,15,0
35,15,0
36,15,0
37,15,0
38,15,0
39,15,0
40,15,0
41,15,0
42,15,0
43,15,0
44,15,0
45,15,0
46,15,0
47,15,0
48,15,0
49,15,0
50,15,0
51,15,0
52,15,0
53,15,0
54,15,0
55,15,0
56,15,0
57,15,0
58,15,0
59,15,0
60,15,0
61,15,0
62,15,0
1,1,0
2,1,0
3,1,0
4,1,0
5,1,0
6,1,0
7,1,0
8,1,0
9,1,0
10,1,0
11,1,0
12,1,0
13,1,0
14,1,0
15,1,0
16,1,0
17,1,0
18,1,0
19,1,0
20,1,0
22,1,0
23,1,0
24,1,0
25,1,0
26,1,0
27,1,0
28,1,0
29,1,0
30,1,0
31,1,0
32,1,0
33,1,0
34,1,0
35,1,0
36,1,0
37,1,0
38,1,0
39,1,0
40,1,0
41,1,0
42,1,0
43,1,0
44,1,0
45,1,0
46,1,0
47,1,0
48,1,0
49,1,0
50,1,0
51,1,0
52,1,0
53,1,0
54,1,0
55,1,0
56,1,0
57,1,0
58,1,0
59,1,0
60,1,0
61,1,0
62,1,0
1,100,0
2,100,0
3,100,0
4,100,0
5,100,0
6,100,0
7,100,0
8,100,0
9,100,0
10,100,0
11,100,0
12,100,0
13,100,0
14,100,0
15,100,0
16,100,0
17,100,0
18,100,0
19,100,0
20,100,0
21,100,0
22,100,0
23,100,0
24,100,0
25,100,0
26,100,0
27,100,0
28,100,0
29,100,0
30,100,0
31,100,0
32,100,0
33,100,0
34,100,0
35,100,0
36,100,0
37,100,0
38,100,0
39,100,0
40,100,0
41,100,0
42,100,0
43,100,0
44,100,0
45,100,0
46,100,0
47,100,0
48,100,0
49,100,0
50,100,0
51,100,0
52,100,0
53,100,0
54,100,0
55,100,0
56,100,0
57,100,0
58,100,0
59,100,0
60,100,0
61,100,0
62,100,0
1,109,0
2,109,0
3,109,0
4,109,0
5,109,0
6,109,0
7,109,0
8,109,0
9,109,0
10,109,0
11,109,0
12,109,0
13,109,0
14,109,0
15,109,0
16,109,0
17,109,0
18,109,0
19,109,0
20,109,0
21,109,0
22,109,0
23,109,0
24,109,0
25,109,0
26,109,0
27,109,0
28,109,0
29,109,0
30,109,0
31,109,0
32,109,0
33,109,0
34,109,0
35,109,0
36,109,0
37,109,0
38,109,0
39,109,0
40,109,0
41,109,0
42,109,0
43,109,0
44,109,0
45,109,0
46,109,0
47,109,0
48,109,0
49,109,0
50,109,0
51,109,0
52,109,0
53,109,0
54,109,0
55,109,0
56,109,0
57,109,0
58,109,0
59,109,0
60,109,0
61,109,0
62,109,0
1,140,0
2,140,0
3,140,0
4,140,0
5,140,0
6,140,0
7,140,0
8,140,0
9,140,0
10,140,0
11,140,0
12,140,0
13,140,0
14,140,0
15,140,0
16,140,0
17,140,0
18,140,0
19,140,0
20,140,0
21,140,0
22,140,0
23,140,0
24,140,0
25,140,0
26,140,0
27,140,0
28,140,0
29,140,0
30,140,0
31,140,0
32,140,0
33,140,0
34,140,0
35,140,0
36,140,0
37,140,0
38,140,0
39,140,0
40,140,0
41,140,0
42,140,0
43,140,0
44,140,0
45,140,0
46,140,0
47,140,0
48,140,0
49,140,0
50,140,0
51,140,0
52,140,0
53,140,0
54,140,0
55,140,0
56,140,0
57,140,0
58,140,0
59,140,0
60,140,0
61,140,0
62,140,0
1,165,0
2,165,0
3,165,0
4,165,0
5,165,0
6,165,0
7,165,0
8,165,0
9,165,0
10,165,0
11,165,0
12,165,0
13,165,0
14,165,0
15,165,0
16,165,0
17,165,0
18,165,0
19,165,0
20,165,0
21,165,0
22,165,0
23,165,0
24,165,0
25,165,0
26,165,0
27,165,0
28,165,0
29,165,0
30,165,0
31,165,0
32,165,0
33,165,0
34,165,0
35,165,0
36,165,0
37,165,0
38,165,0
39,165,0
40,165,0
41,165,0
42,165,0
43,165,0
44,165,0
45,165,0
46,165,0
47,165,0
48,165,0
49,165,0
50,165,0
51,165,0
52,165,0
53,165,0
54,165,0
55,165,0
56,165,0
57,165,0
58,165,0
59,165,0
60,165,0
61,165,0
62,165,0
1,167,0
2,167,0
3,167,0
4,167,0
5,167,0
6,167,0
7,167,0
8,167,0
9,167,0
10,167,0
11,167,0
12,167,0
13,167,0
14,167,0
15,167,0
16,167,0
17,167,0
18,167,0
19,167,0
20,167,0
21,167,0
22,167,0
23,167,0
24,167,0
25,167,0
26,167,0
27,167,0
28,167,0
29,167,0
30,167,0
31,167,0
32,167,0
33,167,0
34,167,0
35,167,0
36,167,0
37,167,0
38,167,0
39,167,0
40,167,0
41,167,0
42,167,0
43,167,0
44,167,0
45,167,0
46,167,0
47,167,0
48,167,0
49,167,0
50,167,0
51,167,0
52,167,0
53,167,0
54,167,0
55,167,0
56,167,0
57,167,0
58,167,0
59,167,0
60,167,0
61,167,0
62,167,0
1,17,0
2,17,0
3,17,0
4,17,0
5,17,0
6,17,0
7,17,0
8,17,0
9,17,0
10,17,0
11,17,0
12,17,0
13,17,0
14,17,0
15,17,0
16,17,0
17,17,0
18,17,0
19,17,0
20,17,0
21,17,0
22,17,0
23,17,0
24,17,0
25,17,0
26,17,0
27,17,0
28,17,0
29,17,0
30,17,0
31,17,0
32,17,0
33,17,0
34,17,0
35,17,0
36,17,0
37,17,0
38,17,0
39,17,0
40,17,0
41,17,0
42,17,0
43,17,0
44,17,0
45,17,0
46,17,0
47,17,0
48,17,0
49,17,0
50,17,0
51,17,0
52,17,0
53,17,0
54,17,0
55,17,0
56,17,0
57,17,0
58,17,0
59,17,0
60,17,0
61,17,0
62,17,0
1,29,0
2,29,0
3,29,0
4,29,0
5,29,0
6,29,0
7,29,0
8,29,0
9,29,0
10,29,0
11,29,0
12,29,0
13,29,0
14,29,0
15,29,0
16,29,0
17,29,0
18,29,0
19,29,0
20,29,0
21,29,0
22,29,0
23,29,0
24,29,0
25,29,0
26,29,0
27,29,0
28,29,0
29,29,0
30,29,0
31,29,0
32,29,0
33,29,0
34,29,0
35,29,0
36,29,0
37,29,0
38,29,0
39,29,0
40,29,0
41,29,0
42,29,0
43,29,0
44,29,0
45,29,0
46,29,0
47,29,0
48,29,0
49,29,0
50,29,0
51,29,0
52,29,0
53,29,0
54,29,0
55,29,0
56,29,0
57,29,0
58,29,0
59,29,0
60,29,0
61,29,0
62,29,0
1,2,0
2,2,0
3,2,0
4,2,0
5,2,0
6,2,0
7,2,0
8,2,0
9,2,0
10,2,0
11,2,0
12,2,0
13,2,0
14,2,0
15,2,0
16,2,0
17,2,0
18,2,0
19,2,0
20,2,0
21,2,0
22,2,0
23,2,0
24,2,0
25,2,0
26,2,0
27,2,0
28,2,0
29,2,0
30,2,0
31,2,0
32,2,0
33,2,0
34,2,0
35,2,0
36,2,0
37,2,0
38,2,0
39,2,0
40,2,0
41,2,0
42,2,0
43,2,0
44,2,0
45,2,0
46,2,0
47,2,0
48,2,0
49,2,0
50,2,0
51,2,0
52,2,0
53,2,0
54,2,0
55,2,0
56,2,0
57,2,0
58,2,0
59,2,0
60,2,0
61,2,0
62,2,0
1,61,0
2,61,0
3,61,0
4,61,0
5,61,0
6,61,0
7,61,0
8,61,0
9,61,0
10,61,0
11,61,0
12,61,0
13,61,0
14,61,0
15,61,0
16,61,0
17,61,0
18,61,0
19,61,0
20,61,0
21,61,0
22,61,0
23,61,0
24,61,0
25,61,0
26,61,0
27,61,0
28,61,0
29,61,0
30,61,0
31,61,0
32,61,0
33,61,0
34,61,0
35,61,0
36,61,0
37,61,0
38,61,0
39,61,0
40,61,0
41,61,0
42,61,0
43,61,0
44,61,0
45,61,0
46,61,0
47,61,0
48,61,0
49,61,0
50,61,0
51,61,0
52,61,0
53,61,0
54,61,0
55,61,0
56,61,0
57,61,0
58,61,0
59,61,0
60,61,0
61,61,0
62,61,0
1,30,0
2,30,0
3,30,0
4,30,0
5,30,0
6,30,0
7,30,0
8,30,0
9,30,0
10,30,0
11,30,0
12,30,0
13,30,0
14,30,0
15,30,0
16,30,0
17,30,0
18,30,0
19,30,0
20,30,0
21,30,0
22,30,0
23,30,0
24,30,0
25,30,0
26,30,0
27,30,0
28,30,0
29,30,0
30,30,0
31,30,0
32,30,0
33,30,0
34,30,0
35,30,0
36,30,0
37,30,0
38,30,0
39,30,0
40,30,0
41,30,0
42,30,0
43,30,0
44,30,0
45,30,0
46,30,0
47,30,0
48,30,0
49,30,0
50,30,0
51,30,0
52,30,0
53,30,0
54,30,0
55,30,0
56,30,0
57,30,0
58,30,0
59,30,0
60,30,0
61,30,0
62,30,0
1,82,0
2,82,0
3,82,0
4,82,0
5,82,0
6,82,0
7,82,0
8,82,0
9,82,0
10,82,0
11,82,0
12,82,0
13,82,0
14,82,0
15,82,0
16,82,0
17,82,0
18,82,0
19,82,0
20,82,0
21,82,0
22,82,0
23,82,0
24,82,0
25,82,0
26,82,0
27,82,0
28,82,0
29,82,0
30,82,0
31,82,0
32,82,0
33,82,0
34,82,0
35,82,0
36,82,0
37,82,0
38,82,0
39,82,0
40,82,0
41,82,0
42,82,0
43,82,0
44,82,0
45,82,0
46,82,0
47,82,0
48,82,0
49,82,0
50,82,0
51,82,0
52,82,0
53,82,0
54,82,0
55,82,0
56,82,0
57,82,0
58,82,0
59,82,0
60,82,0
61,82,0
62,82,0
1,84,0
2,84,0
3,84,0
4,84,0
5,84,0
6,84,0
7,84,0
8,84,0
9,84,0
10,84,0
11,84,0
12,84,0
13,84,0
14,84,0
15,84,0
16,84,0
17,84,0
18,84,0
19,84,0
20,84,0
21,84,0
22,84,0
23,84,0
24,84,0
25,84,0
26,84,0
27,84,0
28,84,0
29,84,0
30,84,0
31,84,0
32,84,0
33,84,0
34,84,0
35,84,0
36,84,0
37,84,0
38,84,0
39,84,0
40,84,0
41,84,0
42,84,0
43,84,0
44,84,0
45,84,0
46,84,0
47,84,0
48,84,0
49,84,0
50,84,0
51,84,0
52,84,0
53,84,0
54,84,0
55,84,0
56,84,0
57,84,0
58,84,0
59,84,0
60,84,0
61,84,0
62,84,0
1,90,0
2,90,0
3,90,0
4,90,0
5,90,0
6,90,0
7,90,0
8,90,0
9,90,0
10,90,0
11,90,0
12,90,0
13,90,0
14,90,0
15,90,0
16,90,0
17,90,0
18,90,0
19,90,0
20,90,0
21,90,0
22,90,0
23,90,0
24,90,0
25,90,0
26,90,0
27,90,0
28,90,0
29,90,0
30,90,0
31,90,0
32,90,0
33,90,0
34,90,0
35,90,0
36,90,0
37,90,0
38,90,0
39,90,0
40,90,0
41,90,0
42,90,0
43,90,0
44,90,0
45,90,0
46,90,0
47,90,0
48,90,0
49,90,0
50,90,0
51,90,0
52,90,0
53,90,0
54,90,0
55,90,0
56,90,0
57,90,0
58,90,0
59,90,0
60,90,0
61,90,0
62,90,0
1,97,0
2,97,0
3,97,0
4,97,0
5,97,0
6,97,0
7,97,0
8,97,0
9,97,0
10,97,0
11,97,0
12,97,0
13,97,0
14,97,0
15,97,0
16,97,0
17,97,0
18,97,0
19,97,0
20,97,0
21,97,0
22,97,0
23,97,0
24,97,0
25,97,0
26,97,0
27,97,0
28,97,0
29,97,0
30,97,0
31,97,0
32,97,0
33,97,0
34,97,0
35,97,0
36,97,0
37,97,0
38,97,0
39,97,0
40,97,0
41,97,0
42,97,0
43,97,0
44,97,0
45,97,0
46,97,0
47,97,0
48,97,0
49,97,0
50,97,0
51,97,0
52,97,0
53,97,0
54,97,0
55,97,0
56,97,0
57,97,0
58,97,0
59,97,0
60,97,0
61,97,0
62,97,0
1,99,0
2,99,0
3,99,0
4,99,0
5,99,0
6,99,0
7,99,0
8,99,0
9,99,0
10,99,0
11,99,0
12,99,0
13,99,0
14,99,0
15,99,0
16,99,0
17,99,0
18,99,0
19,99,0
20,99,0
21,99,0
22,99,0
23,99,0
24,99,0
25,99,0
26,99,0
27,99,0
28,99,0
29,99,0
30,99,0
31,99,0
32,99,0
33,99,0
34,99,0
35,99,0
36,99,0
37,99,0
38,99,0
39,99,0
40,99,0
41,99,0
42,99,0
43,99,0
44,99,0
45,99,0
46,99,0
47,99,0
48,99,0
49,99,0
50,99,0
51,99,0
52,99,0
53,99,0
54,99,0
55,99,0
56,99,0
57,99,0
58,99,0
59,99,0
60,99,0
61,99,0
62,99,0
1,42,0
2,42,0
3,42,0
4,42,0
5,42,0
6,42,0
7,42,0
8,42,0
9,42,0
10,42,0
11,42,0
12,42,0
13,42,0
14,42,0
15,42,0
16,42,0
17,42,0
18,42,0
19,42,0
20,42,0
21,42,0
22,42,0
23,42,0
24,42,0
25,42,0
26,42,0
27,42,0
28,42,0
29,42,0
30,42,0
31,42,0
32,42,0
33,42,0
34,42,0
35,42,0
36,42,0
37,42,0
38,42,0
39,42,0
40,42,0
41,42,0
42,42,0
43,42,0
44,42,0
45,42,0
46,42,0
47,42,0
48,42,0
49,42,0
50,42,0
51,42,0
52,42,0
53,42,0
54,42,0
55,42,0
56,42,0
57,42,0
58,42,0
59,42,0
60,42,0
61,42,0
62,42,0
1,110,0
2,110,0
3,110,0
4,110,0
5,110,0
6,110,0
7,110,0
8,110,0
9,110,0
10,110,0
11,110,0
12,110,0
13,110,0
14,110,0
15,110,0
16,110,0
17,110,0
18,110,0
19,110,0
20,110,0
21,110,0
22,110,0
23,110,0
24,110,0
25,110,0
26,110,0
27,110,0
28,110,0
29,110,0
30,110,0
31,110,0
32,110,0
33,110,0
34,110,0
35,110,0
36,110,0
37,110,0
38,110,0
39,110,0
40,110,0
41,110,0
42,110,0
43,110,0
44,110,0
45,110,0
46,110,0
47,110,0
48,110,0
49,110,0
50,110,0
51,110,0
52,110,0
53,110,0
54,110,0
55,110,0
56,110,0
57,110,0
58,110,0
59,110,0
60,110,0
61,110,0
62,110,0
1,119,0
2,119,0
3,119,0
4,119,0
5,119,0
6,119,0
7,119,0
8,119,0
9,119,0
10,119,0
11,119,0
12,119,0
13,119,0
14,119,0
15,119,0
16,119,0
17,119,0
18,119,0
19,119,0
20,119,0
21,119,0
22,119,0
23,119,0
24,119,0
25,119,0
26,119,0
27,119,0
28,119,0
29,119,0
30,119,0
31,119,0
32,119,0
33,119,0
34,119,0
35,119,0
36,119,0
37,119,0
38,119,0
39,119,0
40,119,0
41,119,0
42,119,0
43,119,0
44,119,0
45,119,0
46,119,0
47,119,0
48,119,0
49,119,0
50,119,0
51,119,0
52,119,0
53,119,0
54,119,0
55,119,0
56,119,0
57,119,0
58,119,0
59,119,0
60,119,0
61,119,0
62,119,0
1,124,0
2,124,0
3,124,0
4,124,0
5,124,0
6,124,0
7,124,0
8,124,0
9,124,0
10,124,0
11,124,0
12,124,0
13,124,0
14,124,0
15,124,0
16,124,0
17,124,0
18,124,0
19,124,0
20,124,0
21,124,0
22,124,0
23,124,0
24,124,0
25,124,0
26,124,0
27,124,0
28,124,0
29,124,0
30,124,0
31,124,0
32,124,0
33,124,0
34,124,0
35,124,0
36,124,0
37,124,0
38,124,0
39,124,0
40,124,0
41,124,0
42,124,0
43,124,0
44,124,0
45,124,0
46,124,0
47,124,0
48,124,0
49,124,0
50,124,0
51,124,0
52,124,0
53,124,0
54,124,0
55,124,0
56,124,0
57,124,0
58,124,0
59,124,0
60,124,0
61,124,0
62,124,0
1,4,0
2,4,0
3,4,0
4,4,0
5,4,0
6,4,0
7,4,0
8,4,0
9,4,0
10,4,0
11,4,0
12,4,0
13,4,0
14,4,0
15,4,0
16,4,0
17,4,0
18,4,0
19,4,0
20,4,0
21,4,0
22,4,0
23,4,0
24,4,0
25,4,0
26,4,0
27,4,0
28,4,0
29,4,0
30,4,0
31,4,0
32,4,0
33,4,0
34,4,0
35,4,0
36,4,0
37,4,0
38,4,0
39,4,0
40,4,0
41,4,0
42,4,0
43,4,0
44,4,0
45,4,0
46,4,0
47,4,0
48,4,0
49,4,0
50,4,0
51,4,0
52,4,0
53,4,0
54,4,0
55,4,0
56,4,0
57,4,0
58,4,0
59,4,0
60,4,0
61,4,0
62,4,0
1,24,0
2,24,0
3,24,0
4,24,0
5,24,0
6,24,0
7,24,0
8,24,0
9,24,0
10,24,0
11,24,0
12,24,0
13,24,0
14,24,0
15,24,0
16,24,0
17,24,0
18,24,0
19,24,0
20,24,0
21,24,0
22,24,0
23,24,0
24,24,0
25,24,0
26,24,0
27,24,0
28,24,0
29,24,0
30,24,0
31,24,0
32,24,0
33,24,0
34,24,0
35,24,0
36,24,0
37,24,0
38,24,0
39,24,0
40,24,0
41,24,0
42,24,0
43,24,0
44,24,0
45,24,0
46,24,0
47,24,0
48,24,0
49,24,0
50,24,0
51,24,0
52,24,0
53,24,0
54,24,0
55,24,0
56,24,0
57,24,0
58,24,0
59,24,0
60,24,0
61,24,0
62,24,0
1,8,0
2,8,0
3,8,0
4,8,0
5,8,0
6,8,0
7,8,0
8,8,0
9,8,0
10,8,0
11,8,0
12,8,0
13,8,0
14,8,0
15,8,0
16,8,0
17,8,0
18,8,0
19,8,0
20,8,0
21,8,0
22,8,0
23,8,0
24,8,0
25,8,0
26,8,0
27,8,0
28,8,0
29,8,0
30,8,0
31,8,0
32,8,0
33,8,0
34,8,0
35,8,0
36,8,0
37,8,0
38,8,0
39,8,0
40,8,0
41,8,0
42,8,0
43,8,0
44,8,0
45,8,0
46,8,0
47,8,0
48,8,0
49,8,0
50,8,0
51,8,0
52,8,0
53,8,0
54,8,0
55,8,0
56,8,0
57,8,0
58,8,0
59,8,0
60,8,0
61,8,0
62,8,0
1,60,0
2,60,0
3,60,0
4,60,0
5,60,0
6,60,0
7,60,0
8,60,0
9,60,0
10,60,0
11,60,0
12,60,0
13,60,0
14,60,0
15,60,0
16,60,0
17,60,0
18,60,0
19,60,0
20,60,0
21,60,0
22,60,0
23,60,0
24,60,0
25,60,0
26,60,0
27,60,0
28,60,0
29,60,0
30,60,0
31,60,0
32,60,0
33,60,0
34,60,0
35,60,0
36,60,0
37,60,0
38,60,0
39,60,0
40,60,0
41,60,0
42,60,0
43,60,0
44,60,0
45,60,0
46,60,0
47,60,0
48,60,0
49,60,0
50,60,0
51,60,0
52,60,0
53,60,0
54,60,0
55,60,0
56,60,0
57,60,0
58,60,0
59,60,0
60,60,0
61,60,0
62,60,0
1,9,0
2,9,0
3,9,0
4,9,0
5,9,0
6,9,0
7,9,0
8,9,0
9,9,0
10,9,0
11,9,0
12,9,0
13,9,0
14,9,0
15,9,0
16,9,0
17,9,0
18,9,0
19,9,0
20,9,0
21,9,0
22,9,0
23,9,0
24,9,0
25,9,0
26,9,0
27,9,0
28,9,0
29,9,0
30,9,0
31,9,0
32,9,0
33,9,0
34,9,0
35,9,0
36,9,0
37,9,0
38,9,0
39,9,0
40,9,0
41,9,0
42,9,0
43,9,0
44,9,0
45,9,0
46,9,0
47,9,0
48,9,0
49,9,0
50,9,0
51,9,0
52,9,0
53,9,0
54,9,0
55,9,0
56,9,0
57,9,0
58,9,0
59,9,0
60,9,0
61,9,0
62,9,0
1,43,0
2,43,0
3,43,0
4,43,0
5,43,0
6,43,0
7,43,0
8,43,0
9,43,0
10,43,0
11,43,0
12,43,0
13,43,0
14,43,0
15,43,0
16,43,0
17,43,0
18,43,0
19,43,0
20,43,0
21,43,0
22,43,0
23,43,0
24,43,0
25,43,0
26,43,0
27,43,0
28,43,0
29,43,0
30,43,0
31,43,0
32,43,0
33,43,0
34,43,0
35,43,0
36,43,0
37,43,0
38,43,0
39,43,0
40,43,0
41,43,0
42,43,0
43,43,0
44,43,0
45,43,0
46,43,0
47,43,0
48,43,0
49,43,0
50,43,0
51,43,0
52,43,0
53,43,0
54,43,0
55,43,0
56,43,0
57,43,0
58,43,0
59,43,0
60,43,0
61,43,0
62,43,0
1,115,0
2,115,0
3,115,0
4,115,0
5,115,0
6,115,0
7,115,0
8,115,0
9,115,0
10,115,0
11,115,0
12,115,0
13,115,0
14,115,0
15,115,0
16,115,0
17,115,0
18,115,0
19,115,0
20,115,0
21,115,0
22,115,0
23,115,0
24,115,0
25,115,0
26,115,0
27,115,0
28,115,0
29,115,0
30,115,0
31,115,0
32,115,0
33,115,0
34,115,0
35,115,0
36,115,0
37,115,0
38,115,0
39,115,0
40,115,0
41,115,0
42,115,0
43,115,0
44,115,0
45,115,0
46,115,0
47,115,0
48,115,0
49,115,0
50,115,0
51,115,0
52,115,0
53,115,0
54,115,0
55,115,0
56,115,0
57,115,0
58,115,0
59,115,0
60,115,0
61,115,0
62,115,0
1,35,0
2,35,0
3,35,0
4,35,0
5,35,0
6,35,0
7,35,0
8,35,0
9,35,0
10,35,0
11,35,0
12,35,0
13,35,0
14,35,0
15,35,0
16,35,0
17,35,0
18,35,0
19,35,0
20,35,0
21,35,0
22,35,0
23,35,0
24,35,0
25,35,0
26,35,0
27,35,0
28,35,0
29,35,0
30,35,0
31,35,0
32,35,0
33,35,0
34,35,0
35,35,0
36,35,0
37,35,0
38,35,0
39,35,0
40,35,0
41,35,0
42,35,0
43,35,0
44,35,0
45,35,0
46,35,0
47,35,0
48,35,0
49,35,0
50,35,0
51,35,0
52,35,0
53,35,0
54,35,0
55,35,0
56,35,0
57,35,0
58,35,0
59,35,0
60,35,0
61,35,0
62,35,0
1,148,0
2,148,0
3,148,0
4,148,0
5,148,0
6,148,0
7,148,0
8,148,0
9,148,0
10,148,0
11,148,0
12,148,0
13,148,0
14,148,0
15,148,0
16,148,0
17,148,0
18,148,0
19,148,0
20,148,0
21,148,0
22,148,0
23,148,0
24,148,0
25,148,0
26,148,0
27,148,0
28,148,0
29,148,0
30,148,0
31,148,0
32,148,0
33,148,0
34,148,0
35,148,0
36,148,0
37,148,0
38,148,0
39,148,0
40,148,0
41,148,0
42,148,0
43,148,0
44,148,0
45,148,0
46,148,0
47,148,0
48,148,0
49,148,0
50,148,0
51,148,0
52,148,0
53,148,0
54,148,0
55,148,0
56,148,0
57,148,0
58,148,0
59,148,0
60,148,0
61,148,0
62,148,0
1,73,0
2,73,0
3,73,0
4,73,0
5,73,0
6,73,0
7,73,0
8,73,0
9,73,0
10,73,0
11,73,0
12,73,0
13,73,0
14,73,0
15,73,0
16,73,0
17,73,0
18,73,0
19,73,0
20,73,0
21,73,0
22,73,0
23,73,0
24,73,0
25,73,0
26,73,0
27,73,0
28,73,0
29,73,0
30,73,0
31,73,0
32,73,0
33,73,0
34,73,0
35,73,0
36,73,0
37,73,0
38,73,0
39,73,0
40,73,0
41,73,0
42,73,0
43,73,0
44,73,0
45,73,0
46,73,0
47,73,0
48,73,0
49,73,0
50,73,0
51,73,0
52,73,0
53,73,0
54,73,0
55,73,0
56,73,0
57,73,0
58,73,0
59,73,0
60,73,0
61,73,0
62,73,0
1,77,0
2,77,0
3,77,0
4,77,0
5,77,0
6,77,0
7,77,0
8,77,0
9,77,0
10,77,0
11,77,0
12,77,0
13,77,0
14,77,0
15,77,0
16,77,0
17,77,0
18,77,0
19,77,0
20,77,0
21,77,0
22,77,0
23,77,0
24,77,0
25,77,0
26,77,0
27,77,0
28,77,0
29,77,0
30,77,0
31,77,0
32,77,0
33,77,0
34,77,0
35,77,0
36,77,0
37,77,0
38,77,0
39,77,0
40,77,0
41,77,0
42,77,0
43,77,0
44,77,0
45,77,0
46,77,0
47,77,0
48,77,0
49,77,0
50,77,0
51,77,0
52,77,0
53,77,0
54,77,0
55,77,0
56,77,0
57,77,0
58,77,0
59,77,0
60,77,0
61,77,0
62,77,0
1,87,0
2,87,0
3,87,0
4,87,0
5,87,0
6,87,0
7,87,0
8,87,0
9,87,0
10,87,0
11,87,0
12,87,0
13,87,0
14,87,0
15,87,0
16,87,0
17,87,0
18,87,0
19,87,0
20,87,0
21,87,0
22,87,0
23,87,0
24,87,0
25,87,0
26,87,0
27,87,0
28,87,0
29,87,0
30,87,0
31,87,0
32,87,0
33,87,0
34,87,0
35,87,0
36,87,0
37,87,0
38,87,0
39,87,0
40,87,0
41,87,0
42,87,0
43,87,0
44,87,0
45,87,0
46,87,0
47,87,0
48,87,0
49,87,0
50,87,0
51,87,0
52,87,0
53,87,0
54,87,0
55,87,0
56,87,0
57,87,0
58,87,0
59,87,0
60,87,0
61,87,0
62,87,0
1,91,0
2,91,0
3,91,0
4,91,0
5,91,0
6,91,0
7,91,0
8,91,0
9,91,0
10,91,0
11,91,0
12,91,0
13,91,0
14,91,0
15,91,0
16,91,0
17,91,0
18,91,0
19,91,0
20,91,0
21,91,0
22,91,0
23,91,0
24,91,0
25,91,0
26,91,0
27,91,0
28,91,0
29,91,0
30,91,0
31,91,0
32,91,0
33,91,0
34,91,0
35,91,0
36,91,0
37,91,0
38,91,0
39,91,0
40,91,0
41,91,0
42,91,0
43,91,0
44,91,0
45,91,0
46,91,0
47,91,0
48,91,0
49,91,0
50,91,0
51,91,0
52,91,0
53,91,0
54,91,0
55,91,0
56,91,0
57,91,0
58,91,0
59,91,0
60,91,0
61,91,0
62,91,0
1,118,0
2,118,0
3,118,0
4,118,0
5,118,0
6,118,0
7,118,0
8,118,0
9,118,0
10,118,0
11,118,0
12,118,0
13,118,0
14,118,0
15,118,0
16,118,0
17,118,0
18,118,0
19,118,0
20,118,0
21,118,0
22,118,0
23,118,0
24,118,0
25,118,0
26,118,0
27,118,0
28,118,0
29,118,0
30,118,0
31,118,0
32,118,0
33,118,0
34,118,0
35,118,0
36,118,0
37,118,0
38,118,0
39,118,0
40,118,0
41,118,0
42,118,0
43,118,0
44,118,0
45,118,0
46,118,0
47,118,0
48,118,0
49,118,0
50,118,0
51,118,0
52,118,0
53,118,0
54,118,0
55,118,0
56,118,0
57,118,0
58,118,0
59,118,0
60,118,0
61,118,0
62,118,0
1,36,0
2,36,0
3,36,0
4,36,0
5,36,0
6,36,0
7,36,0
8,36,0
9,36,0
10,36,0
11,36,0
12,36,0
13,36,0
14,36,0
15,36,0
16,36,0
17,36,0
18,36,0
19,36,0
20,36,0
21,36,0
22,36,0
23,36,0
24,36,0
25,36,0
26,36,0
27,36,0
28,36,0
29,36,0
30,36,0
31,36,0
32,36,0
33,36,0
34,36,0
35,36,0
36,36,0
37,36,0
38,36,0
39,36,0
40,36,0
41,36,0
42,36,0
43,36,0
44,36,0
45,36,0
46,36,0
47,36,0
48,36,0
49,36,0
50,36,0
51,36,0
52,36,0
53,36,0
54,36,0
55,36,0
56,36,0
57,36,0
58,36,0
59,36,0
60,36,0
61,36,0
62,36,0
1,135,0
2,135,0
3,135,0
4,135,0
5,135,0
6,135,0
7,135,0
8,135,0
9,135,0
10,135,0
11,135,0
12,135,0
13,135,0
14,135,0
15,135,0
16,135,0
17,135,0
18,135,0
19,135,0
20,135,0
21,135,0
22,135,0
23,135,0
24,135,0
25,135,0
26,135,0
27,135,0
28,135,0
29,135,0
30,135,0
31,135,0
32,135,0
33,135,0
34,135,0
35,135,0
36,135,0
37,135,0
38,135,0
39,135,0
40,135,0
41,135,0
42,135,0
43,135,0
44,135,0
45,135,0
46,135,0
47,135,0
48,135,0
49,135,0
50,135,0
51,135,0
52,135,0
53,135,0
54,135,0
55,135,0
56,135,0
57,135,0
58,135,0
59,135,0
60,135,0
61,135,0
62,135,0
1,150,0
2,150,0
3,150,0
4,150,0
5,150,0
6,150,0
7,150,0
8,150,0
9,150,0
10,150,0
11,150,0
12,150,0
13,150,0
14,150,0
15,150,0
16,150,0
17,150,0
18,150,0
19,150,0
20,150,0
21,150,0
22,150,0
23,150,0
24,150,0
25,150,0
26,150,0
27,150,0
28,150,0
29,150,0
30,150,0
31,150,0
32,150,0
33,150,0
34,150,0
35,150,0
36,150,0
37,150,0
38,150,0
39,150,0
40,150,0
41,150,0
42,150,0
43,150,0
44,150,0
45,150,0
46,150,0
47,150,0
48,150,0
49,150,0
50,150,0
51,150,0
52,150,0
53,150,0
54,150,0
55,150,0
56,150,0
57,150,0
58,150,0
59,150,0
60,150,0
61,150,0
62,150,0
1,155,0
2,155,0
3,155,0
4,155,0
5,155,0
6,155,0
7,155,0
8,155,0
9,155,0
10,155,0
11,155,0
12,155,0
13,155,0
14,155,0
15,155,0
16,155,0
17,155,0
18,155,0
19,155,0
20,155,0
21,155,0
22,155,0
23,155,0
24,155,0
25,155,0
26,155,0
27,155,0
28,155,0
29,155,0
30,155,0
31,155,0
32,155,0
33,155,0
34,155,0
35,155,0
36,155,0
37,155,0
38,155,0
39,155,0
40,155,0
41,155,0
42,155,0
43,155,0
44,155,0
45,155,0
46,155,0
47,155,0
48,155,0
49,155,0
50,155,0
51,155,0
52,155,0
53,155,0
54,155,0
55,155,0
56,155,0
57,155,0
58,155,0
59,155,0
60,155,0
61,155,0
62,155,0
1,159,0
2,159,0
3,159,0
4,159,0
5,159,0
6,159,0
7,159,0
8,159,0
9,159,0
10,159,0
11,159,0
12,159,0
13,159,0
14,159,0
15,159,0
16,159,0
17,159,0
18,159,0
19,159,0
20,159,0
21,159,0
22,159,0
23,159,0
24,159,0
25,159,0
26,159,0
27,159,0
28,159,0
29,159,0
30,159,0
31,159,0
32,159,0
33,159,0
34,159,0
35,159,0
36,159,0
37,159,0
38,159,0
39,159,0
40,159,0
41,159,0
42,159,0
43,159,0
44,159,0
45,159,0
46,159,0
47,159,0
48,159,0
49,159,0
50,159,0
51,159,0
52,159,0
53,159,0
54,159,0
55,159,0
56,159,0
57,159,0
58,159,0
59,159,0
60,159,0
61,159,0
62,159,0
1,72,0
2,72,0
3,72,0
4,72,0
5,72,0
6,72,0
7,72,0
8,72,0
9,72,0
10,72,0
11,72,0
12,72,0
13,72,0
14,72,0
15,72,0
16,72,0
17,72,0
18,72,0
19,72,0
20,72,0
21,72,0
22,72,0
23,72,0
24,72,0
25,72,0
26,72,0
27,72,0
28,72,0
29,72,0
30,72,0
31,72,0
32,72,0
33,72,0
34,72,0
35,72,0
36,72,0
37,72,0
38,72,0
39,72,0
40,72,0
41,72,0
42,72,0
43,72,0
44,72,0
45,72,0
46,72,0
47,72,0
48,72,0
49,72,0
50,72,0
51,72,0
52,72,0
53,72,0
54,72,0
55,72,0
56,72,0
57,72,0
58,72,0
59,72,0
60,72,0
61,72,0
62,72,0
1,74,0
2,74,0
3,74,0
4,74,0
5,74,0
6,74,0
7,74,0
8,74,0
9,74,0
10,74,0
11,74,0
12,74,0
13,74,0
14,74,0
15,74,0
16,74,0
17,74,0
18,74,0
19,74,0
20,74,0
21,74,0
22,74,0
23,74,0
24,74,0
25,74,0
26,74,0
27,74,0
28,74,0
29,74,0
30,74,0
31,74,0
32,74,0
33,74,0
34,74,0
35,74,0
36,74,0
37,74,0
38,74,0
39,74,0
40,74,0
41,74,0
42,74,0
43,74,0
44,74,0
45,74,0
46,74,0
47,74,0
48,74,0
49,74,0
50,74,0
51,74,0
52,74,0
53,74,0
54,74,0
55,74,0
56,74,0
57,74,0
58,74,0
59,74,0
60,74,0
61,74,0
62,74,0
1,79,0
2,79,0
3,79,0
4,79,0
5,79,0
6,79,0
7,79,0
8,79,0
9,79,0
10,79,0
11,79,0
12,79,0
13,79,0
14,79,0
15,79,0
16,79,0
17,79,0
18,79,0
19,79,0
20,79,0
21,79,0
22,79,0
23,79,0
24,79,0
25,79,0
26,79,0
27,79,0
28,79,0
29,79,0
30,79,0
31,79,0
32,79,0
33,79,0
34,79,0
35,79,0
36,79,0
37,79,0
38,79,0
39,79,0
40,79,0
41,79,0
42,79,0
43,79,0
44,79,0
45,79,0
46,79,0
47,79,0
48,79,0
49,79,0
50,79,0
51,79,0
52,79,0
53,79,0
54,79,0
55,79,0
56,79,0
57,79,0
58,79,0
59,79,0
60,79,0
61,79,0
62,79,0
1,85,0
2,85,0
3,85,0
4,85,0
5,85,0
6,85,0
7,85,0
8,85,0
9,85,0
10,85,0
11,85,0
12,85,0
13,85,0
14,85,0
15,85,0
16,85,0
17,85,0
18,85,0
19,85,0
20,85,0
21,85,0
22,85,0
23,85,0
24,85,0
25,85,0
26,85,0
27,85,0
28,85,0
29,85,0
30,85,0
31,85,0
32,85,0
33,85,0
34,85,0
35,85,0
36,85,0
37,85,0
38,85,0
39,85,0
40,85,0
41,85,0
42,85,0
43,85,0
44,85,0
45,85,0
46,85,0
47,85,0
48,85,0
49,85,0
50,85,0
51,85,0
52,85,0
53,85,0
54,85,0
55,85,0
56,85,0
57,85,0
58,85,0
59,85,0
60,85,0
61,85,0
62,85,0
1,123,0
2,123,0
3,123,0
4,123,0
5,123,0
6,123,0
7,123,0
8,123,0
9,123,0
10,123,0
11,123,0
12,123,0
13,123,0
14,123,0
15,123,0
16,123,0
17,123,0
18,123,0
19,123,0
20,123,0
21,123,0
22,123,0
23,123,0
24,123,0
25,123,0
26,123,0
27,123,0
28,123,0
29,123,0
30,123,0
31,123,0
32,123,0
33,123,0
34,123,0
35,123,0
36,123,0
37,123,0
38,123,0
39,123,0
40,123,0
41,123,0
42,123,0
43,123,0
44,123,0
45,123,0
46,123,0
47,123,0
48,123,0
49,123,0
50,123,0
51,123,0
52,123,0
53,123,0
54,123,0
55,123,0
56,123,0
57,123,0
58,123,0
59,123,0
60,123,0
61,123,0
62,123,0
21,1,0
21,10,5
